97  100201010115 120115 200115 270115 030215                                    
97  100202050115 130115 200115 270115 030215                                    
97  100203090115 190115 000000 270115 030215                                    
97  100204130115 190115 000000 270115 030215                                    
97  100205170115 000000 000000 000000 030215                                    
97  100206210115 000000 000000 000000 030215                                    
97  100207250115 000000 000000 000000 030215                                    
97  100211010115 120115 200115 270115 030215                                    
97  100212050115 130115 200115 270115 030215                                    
97  100213090115 000000 190115 270115 030215                                    
97  100214130115 000000 190115 270115 030215                                    
97  100215170115 000000 000000 000000 030215                                    
97  100216210115 000000 000000 000000 030215                                    
97  100217250115 000000 000000 000000 030215                                    
97  100301030115 120115 200115 280115 040215                                    
97  100302070115 190115 230115 290115 040215                                    
97  100303110115 190115 230115 290115 040215                                    
97  100304150115 000000 000000 000000 040215                                    
97  100305190115 000000 000000 000000 040215                                    
97  100311030115 120115 200115 280115 040215                                    
97  100312070115 190115 230115 290115 040215                                    
97  100313110115 190115 230115 290115 040215                                    
97  100314150115 000000 000000 000000 040215                                    
97  100315190115 000000 000000 000000 040215                                    
97  100401030115 120115 200115 280115 040215                                    
97  100402070115 190115 230115 290115 040215                                    
97  100403110115 190115 230115 290115 040215                                    
97  100404150115 000000 000000 000000 040215                                    
97  100405190115 000000 000000 000000 040215                                    
97  100201010215 100215 170215 240215 020315                                    
97  100202050215 160215 000000 230215 020315                                    
97  100203090215 160215 000000 230215 020315                                    
97  100204130215 190215 000000 250215 020315                                    
97  100205170215 000000 000000 000000 020315                                    
97  100206210215 000000 000000 000000 020315                                    
97  100207250215 000000 000000 000000 020315                                    
97  100211010215 100215 170215 240215 020315                                    
97  100212050215 000000 160215 230215 020315                                    
97  100213090215 000000 160215 230215 020315                                    
97  100214130215 000000 190215 250215 020315                                    
97  100215170215 000000 000000 000000 020315                                    
97  100216210215 000000 000000 000000 020315                                    
97  100217250215 000000 000000 000000 020315                                    
97  100301030215 120215 190215 250215 030315                                    
97  100302070215 160215 000000 240215 030315                                    
97  100303110215 180215 000000 250215 030315                                    
97  100304150215 000000 000000 000000 030315                                    
97  100305190215 000000 000000 000000 030315                                    
97  100311030215 120215 190215 250215 030315                                    
97  100312070215 000000 160215 240215 030315                                    
97  100313110215 000000 180215 250215 030315                                    
97  100314150215 000000 000000 000000 030315                                    
97  100315190215 000000 000000 000000 030315                                    
97  100401030215 120215 190215 250215 030315                                    
97  100402070215 160215 000000 240215 030315                                    
97  100403110215 180215 000000 250215 030315                                    
97  100404150215 000000 000000 000000 030315                                    
97  100405190215 000000 000000 000000 030315                                    
97  100201010315 100315 180315 260315 020415                                    
97  100202050315 160315 230315 270315 020415                                    
97  100203090315 160315 230315 270315 020415                                    
97  100204130315 190315 000000 260315 020415                                    
97  100205170315 000000 000000 000000 020415                                    
97  100206210315 000000 000000 000000 020415                                    
97  100207250315 000000 000000 000000 020415                                    
97  100211010315 100315 180315 260315 020415                                    
97  100212050315 160315 230315 270315 020415                                    
97  100213090315 160315 230315 270315 020415                                    
97  100214130315 000000 190315 260315 020415                                    
97  100215170315 000000 000000 000000 020415                                    
97  100216210315 000000 000000 000000 020415                                    
97  100217250315 000000 000000 000000 020415                                    
97  100301030315 120315 200315 270315 030415                                    
97  100302070315 160315 230315 300315 030415                                    
97  100303110315 180315 240315 300315 030415                                    
97  100304150315 000000 000000 000000 030415                                    
97  100305190315 000000 000000 000000 030415                                    
97  100311030315 120315 200315 270315 030415                                    
97  100312070315 160315 230315 300315 030415                                    
97  100313110315 180315 240315 300315 030415                                    
97  100314150315 000000 000000 000000 030415                                    
97  100315190315 000000 000000 000000 030415                                    
97  100401030315 120315 200315 270315 030415                                    
97  100402070315 160315 230315 300315 030415                                    
97  100403110315 180315 240315 300315 030415                                    
97  100404150315 000000 000000 000000 030415                                    
9787100405190315 000000 000000 000000 030415                                    

