97  100201010515 110515 190515 270515 020615                                    
97  100202050515 180515 000000 260515 020615                                    
97  100203090515 180515 000000 260515 020615                                    
97  100204130515 200515 000000 270515 020615                                    
97  100205170515 000000 000000 000000 020615                                    
97  100206210515 000000 000000 000000 020615                                    
97  100207250515 000000 000000 000000 020615                                    
97  100211010515 110515 190515 270515 020615                                    
97  100212050515 000000 180515 260515 020615                                    
97  100213090515 000000 180515 260515 020615                                    
97  100214130515 000000 200515 270515 020615                                    
97  100215170515 000000 000000 000000 020615                                    
97  100216210515 000000 000000 000000 020615                                    
97  100217250515 000000 000000 000000 020615                                    
97  100301030515 130515 210515 280515 030615                                    
97  100302070515 180515 000000 270515 030615                                    
97  100303110515 190515 000000 270515 030615                                    
97  100304150515 000000 000000 000000 030615                                    
97  100305190515 000000 000000 000000 030615                                    
97  100311030515 130515 210515 280515 030615                                    
97  100312070515 000000 180515 270515 030615                                    
97  100313110515 000000 190515 270515 030615                                    
97  100314150515 000000 000000 000000 030615                                    
97  100315190515 000000 000000 000000 030615                                    
97  100401030515 130515 210515 280515 030615                                    
97  100402070515 180515 000000 270515 030615                                    
97  100403110515 190515 000000 270515 030615                                    
97  100404150515 000000 000000 000000 030615                                    
97  100405190515 000000 000000 000000 030615                                    
97  100201010615 100615 170615 240615 010715                                    
97  100202050615 150615 190615 250615 010715                                    
97  100203090615 160615 000000 240615 010715                                    
97  100204130615 220615 000000 260615 010715                                    
97  100205170615 000000 000000 000000 010715                                    
97  100206210615 000000 000000 000000 010715                                    
97  100207250615 000000 000000 000000 010715                                    
97  100211010615 100615 170615 240615 010715                                    
97  100212050615 150615 190615 250615 010715                                    
97  100213090615 000000 160615 240615 010715                                    
97  100214130615 000000 220615 260615 010715                                    
97  100215170615 000000 000000 000000 010715                                    
97  100216210615 000000 000000 000000 010715                                    
97  100217250615 000000 000000 000000 010715                                    
97  100301030615 150615 220615 290615 030715                                    
97  100302070615 160615 230615 290615 030715                                    
97  100303110615 180615 000000 260615 030715                                    
97  100304150615 000000 000000 000000 030715                                    
97  100305190615 000000 000000 000000 030715                                    
97  100311030615 150615 220615 290615 030715                                    
97  100312070615 160615 230615 290615 030715                                    
97  100313110615 000000 180615 260615 030715                                    
97  100314150615 000000 000000 000000 030715                                    
97  100315190615 000000 000000 000000 030715                                    
97  100401030615 150615 220615 290615 030715                                    
97  100402070615 160615 230615 290615 030715                                    
97  100403110615 180615 000000 260615 030715                                    
97  100404150615 000000 000000 000000 030715                                    
97  100405190615 000000 000000 000000 030715                                    
97  100201010715 130715 210715 280715 040815                                    
97  100202050715 130715 210715 280715 040815                                    
97  100203090715 200715 000000 280715 040815                                    
97  100204130715 200715 000000 280715 040815                                    
97  100205170715 000000 000000 000000 040815                                    
97  100206210715 000000 000000 000000 040815                                    
97  100207250715 000000 000000 000000 040815                                    
97  100211010715 130715 210715 280715 040815                                    
97  100212050715 130715 210715 280715 040815                                    
97  100213090715 000000 200715 280715 040815                                    
97  100214130715 000000 200715 280715 040815                                    
97  100215170715 000000 000000 000000 040815                                    
97  100216210715 000000 000000 000000 040815                                    
97  100217250715 000000 000000 000000 040815                                    
97  100301030715 130715 220715 290715 050815                                    
97  100302070715 200715 240715 300715 050815                                    
97  100303110715 200715 240715 300715 050815                                    
97  100304150715 000000 000000 000000 050815                                    
97  100305190715 000000 000000 000000 050815                                    
97  100311030715 130715 220715 290715 050815                                    
97  100312070715 200715 240715 300715 050815                                    
97  100313110715 200715 240715 300715 050815                                    
97  100314150715 000000 000000 000000 050815                                    
97  100315190715 000000 000000 000000 050815                                    
97  100401030715 130715 220715 290715 050815                                    
97  100402070715 200715 240715 300715 050815                                    
97  100403110715 200715 240715 300715 050815                                    
97  100404150715 000000 000000 000000 050815                                    
9787100405190715 000000 000000 000000 050815                                    

