EXTRACT                                                                         
ACCESS_DEFINITION PRODFOY.DBP1.ETS                                              
SQL (                                                                           
    PFRA.TBEXFOY,                                                               
   TEXFNFOY IN                                                                  
            (                                                                   
             4103087492,                                                        
             4242286260,                                                        
             4309753772,                                                        
             4385184876,                                                        
             4455773483,                                                        
             4106120803,                                                        
             4250309574,                                                        
             4314027352,                                                        
             4389692387,                                                        
             4461701924,                                                        
             4109139115,                                                        
             4255442891,                                                        
             4316275777,                                                        
             4394193009,                                                        
             4467733442,                                                        
             4111851541,                                                        
             4260580800,                                                        
             4323958241,                                                        
             4398693723,                                                        
             4473779371,                                                        
             4114744610,                                                        
             4265704603,                                                        
             4332722307,                                                        
             4403319538,                                                        
             4482858323,                                                        
             4118014226,                                                        
             4271998678,                                                        
             4349171829,                                                        
             4407719337,                                                        
             4488679319,                                                        
             4120628211,                                                        
             4276378587,                                                        
             4352269882,                                                        
             4421216393,                                                        
             4491719508,                                                        
             4123561575,                                                        
             4284795152,                                                        
             4358235366,                                                        
             4427232014,                                                        
             4494950530,                                                        
             4204688644,                                                        
             4291023184,                                                        
             4365831199,                                                        
             4431691098,                                                        
             8850108229,                                                        
             4219506013,                                                        
             4297518757,                                                        
             4370304760,                                                        
             4436265526,                                                        
             8881516663,                                                        
             4226808691,                                                        
             4302844776,                                                        
             4376181899,                                                        
             4447111271,                                                        
             8885228067,                                                        
             4233766577,                                                        
             4305113914,                                                        
             4380670929,                                                        
             4453005789,                                                        
             8888925537)                                                        
    )                                                                           
EXTRACT_FILE (DSNAME PFRAFTE.SIXD0001.PDPMMAIN.EXTFOYER                         
MODE REP)                                                                       
ROW_LIMIT  90000000                                                             
UNKNOWN ALLOW                                                                   

