990011011000111111                                                              
99001201100000000                                                               
99001301100000000                                                               
99008100100000001                                                               
99006100100000001                                                               
99007100100000001                                                               
99018100100000000                                                               
99026100100000001                                                               
99028100100000000                                                               
99029101001000101                                                               
99029201001000001                                                               
99031101100000000                                                               
99033101100000001                                                               
99CETLM                                                                         
99999999999999999                                                               
