97  100201011114 101114 181114 251114 011214                                    
97  100202051114 171114 000000 241114 011214                                    
97  100203091114 171114 000000 241114 011214                                    
97  100204131114 191114 000000 251114 011214                                    
97  100205171114 000000 000000 000000 011214                                    
97  100206211114 000000 000000 000000 011214                                    
97  100207251114 000000 000000 000000 011214                                    
97  100211011114 101114 181114 251114 011214                                    
97  100212051114 000000 171114 241114 011214                                    
97  100213091114 000000 171114 241114 011214                                    
97  100214131114 000000 191114 251114 011214                                    
97  100215171114 000000 000000 000000 011214                                    
97  100216211114 000000 000000 000000 011214                                    
97  100217251114 000000 000000 000000 011214                                    
97  100301031114 131114 201114 271114 031214                                    
97  100302071114 171114 211114 271114 031214                                    
97  100303111114 181114 000000 261114 031214                                    
97  100304151114 000000 000000 000000 031214                                    
97  100305191114 000000 000000 000000 031214                                    
97  100311031114 131114 201114 271114 031214                                    
97  100312071114 171114 211114 271114 031214                                    
97  100313111114 000000 181114 261114 031214                                    
97  100314151114 000000 000000 000000 031214                                    
97  100315191114 000000 000000 000000 031214                                    
97  100401031114 131114 201114 271114 031214                                    
97  100402071114 171114 211114 271114 031214                                    
97  100403111114 181114 000000 261114 031214                                    
97  100404151114 000000 000000 000000 031214                                    
97  100405191114 000000 000000 000000 031214                                    
97  100201011214 101214 181214 261214 050115                                    
97  100202051214 151214 221214 291214 050115                                    
97  100203091214 161214 221214 291214 050115                                    
97  100204131214 221214 000000 291214 050115                                    
97  100205171214 000000 000000 000000 050115                                    
97  100206211214 000000 000000 000000 050115                                    
97  100207251214 000000 000000 000000 050115                                    
97  100211011214 101214 181214 261214 050115                                    
97  100212051214 151214 221214 291214 050115                                    
97  100213091214 161214 221214 291214 050115                                    
97  100214131214 000000 221214 291214 050115                                    
97  100215171214 000000 000000 000000 050115                                    
97  100216211214 000000 000000 000000 050115                                    
97  100217251214 000000 000000 000000 050115                                    
97  100301031214 151214 221214 301214 060115                                    
97  100302071214 161214 231214 301214 060115                                    
97  100303111214 181214 000000 291214 060115                                    
97  100304151214 000000 000000 000000 060115                                    
97  100305191214 000000 000000 000000 060115                                    
97  100311031214 151214 221214 301214 060115                                    
97  100312071214 161214 231214 301214 060115                                    
97  100313111214 000000 181214 291214 060115                                    
97  100314151214 000000 000000 000000 060115                                    
97  100315191214 000000 000000 000000 060115                                    
97  100401031214 151214 221214 301214 060115                                    
97  100402071214 161214 231214 301214 060115                                    
97  100403111214 181214 000000 291214 060115                                    
97  100404151214 000000 000000 000000 060115                                    
97  100405191214 000000 000000 000000 060115                                    
97  100201010115 120115 200115 270115 030215                                    
97  100202050115 130115 200115 270115 030215                                    
97  100203090115 190115 000000 270115 030215                                    
97  100204130115 190115 000000 270115 030215                                    
97  100205170115 000000 000000 000000 030215                                    
97  100206210115 000000 000000 000000 030215                                    
97  100207250115 000000 000000 000000 030215                                    
97  100211010115 120115 200115 270115 030215                                    
97  100212050115 130115 200115 270115 030215                                    
97  100213090115 000000 190115 270115 030215                                    
97  100214130115 000000 190115 270115 030215                                    
97  100215170115 000000 000000 000000 030215                                    
97  100216210115 000000 000000 000000 030215                                    
97  100217250115 000000 000000 000000 030215                                    
97  100301030115 120115 200115 280115 040215                                    
97  100302070115 190115 230115 290115 040215                                    
97  100303110115 190115 230115 290115 040215                                    
97  100304150115 000000 000000 000000 040215                                    
97  100305190115 000000 000000 000000 040215                                    
97  100311030115 120115 200115 280115 040215                                    
97  100312070115 190115 230115 290115 040215                                    
97  100313110115 190115 230115 290115 040215                                    
97  100314150115 000000 000000 000000 040215                                    
97  100315190115 000000 000000 000000 040215                                    
97  100401030115 120115 200115 280115 040215                                    
97  100402070115 190115 230115 290115 040215                                    
97  100403110115 190115 230115 290115 040215                                    
97  100404150115 000000 000000 000000 040215                                    
9787100405190115 000000 000000 000000 040215                                    

