97  100201010714 100714 210714 280714 040814                                    
97  100202050714 150714 220714 290714 040814                                    
97  100203090714 170714 230714 290714 040814                                    
97  100204130714 210714 000000 280714 040814                                    
97  100205170714 000000 000000 000000 040814                                    
97  100206210714 000000 000000 000000 040814                                    
97  100207250714 000000 000000 000000 040814                                    
97  100211010714 100714 210714 280714 040814                                    
97  100212050714 150714 220714 290714 040814                                    
97  100213090714 170714 230714 290714 040814                                    
97  100214130714 000000 210714 280714 040814                                    
97  100215170714 000000 000000 000000 040814                                    
97  100216210714 000000 000000 000000 040814                                    
97  100217250714 000000 000000 000000 040814                                    
97  100301030714 150714 220714 290714 050814                                    
97  100302070714 170714 240714 300714 050814                                    
97  100303110714 210714 000000 290714 050814                                    
97  100304150714 000000 000000 000000 050814                                    
97  100305190714 000000 000000 000000 050814                                    
97  100311030714 150714 220714 290714 050814                                    
97  100312070714 170714 240714 300714 050814                                    
97  100313110714 000000 210714 290714 050814                                    
97  100314150714 000000 000000 000000 050814                                    
97  100315190714 000000 000000 000000 050814                                    
97  100401030714 150714 220714 290714 050814                                    
97  100402070714 170714 240714 300714 050814                                    
97  100403110714 210714 000000 290714 050814                                    
97  100404150714 000000 000000 000000 050814                                    
97  100405190714 000000 000000 000000 050814                                    
97  100201010814 110814 190814 260814 020914                                    
97  100202050814 130814 210814 270814 020914                                    
97  100203090814 180814 000000 260814 020914                                    
97  100204130814 200814 000000 270814 020914                                    
97  100205170814 000000 000000 000000 020914                                    
97  100206210814 000000 000000 000000 020914                                    
97  100207250814 000000 000000 000000 020914                                    
97  100211010814 110814 190814 260814 020914                                    
97  100212050814 130814 210814 270814 020914                                    
97  100213090814 000000 180814 260814 020914                                    
97  100214130814 000000 200814 270814 020914                                    
97  100215170814 000000 000000 000000 020914                                    
97  100216210814 000000 000000 000000 020914                                    
97  100217250814 000000 000000 000000 020914                                    
97  100301030814 120814 200814 270814 030914                                    
97  100302070814 180814 220814 280814 030914                                    
97  100303110814 190814 000000 270814 030914                                    
97  100304150814 000000 000000 000000 030914                                    
97  100305190814 000000 000000 000000 030914                                    
97  100311030814 120814 200814 270814 030914                                    
97  100312070814 180814 220814 280814 030914                                    
97  100313110814 000000 190814 270814 030914                                    
97  100314150814 000000 000000 000000 030914                                    
97  100315190814 000000 000000 000000 030914                                    
97  100401030814 120814 200814 270814 030914                                    
97  100402070814 180814 220814 280814 030914                                    
97  100403110814 190814 000000 270814 030914                                    
97  100404150814 000000 000000 000000 030914                                    
97  100405190814 000000 000000 000000 030914                                    
97  100201010914 100914 170914 240914 011014                                    
97  100202050914 150914 190914 250914 011014                                    
97  100203090914 160914 000000 240914 011014                                    
97  100204130914 220914 000000 260914 011014                                    
97  100205170914 000000 000000 000000 011014                                    
97  100206210914 000000 000000 000000 011014                                    
97  100207250914 000000 000000 000000 011014                                    
97  100211010914 100914 170914 240914 011014                                    
97  100212050914 150914 190914 250914 011014                                    
97  100213090914 000000 160914 240914 011014                                    
97  100214130914 000000 220914 260914 011014                                    
97  100215170914 000000 000000 000000 011014                                    
97  100216210914 000000 000000 000000 011014                                    
97  100217250914 000000 000000 000000 011014                                    
97  100301030914 150914 220914 290914 031014                                    
97  100302070914 160914 230914 290914 031014                                    
97  100303110914 180914 000000 260914 031014                                    
97  100304150914 000000 000000 000000 031014                                    
97  100305190914 000000 000000 000000 031014                                    
97  100311030914 150914 220914 290914 031014                                    
97  100312070914 160914 230914 290914 031014                                    
97  100313110914 000000 180914 260914 031014                                    
97  100314150914 000000 000000 000000 031014                                    
97  100315190914 000000 000000 000000 031014                                    
97  100401030914 150914 220914 290914 031014                                    
97  100402070914 160914 230914 290914 031014                                    
97  100403110914 180914 000000 260914 031014                                    
97  100404150914 000000 000000 000000 031014                                    
9787100405190914 000000 000000 000000 031014                                    

