97  100201010715 130715 210715 280715 040815                                    
97  100202050715 130715 210715 280715 040815                                    
97  100203090715 200715 000000 280715 040815                                    
97  100204130715 200715 000000 280715 040815                                    
97  100205170715 000000 000000 000000 040815                                    
97  100206210715 000000 000000 000000 040815                                    
97  100207250715 000000 000000 000000 040815                                    
97  100211010715 130715 210715 280715 040815                                    
97  100212050715 130715 210715 280715 040815                                    
97  100213090715 000000 200715 280715 040815                                    
97  100214130715 000000 200715 280715 040815                                    
97  100215170715 000000 000000 000000 040815                                    
97  100216210715 000000 000000 000000 040815                                    
97  100217250715 000000 000000 000000 040815                                    
97  100301030715 130715 220715 290715 050815                                    
97  100302070715 200715 240715 300715 050815                                    
97  100303110715 200715 240715 300715 050815                                    
97  100304150715 000000 000000 000000 050815                                    
97  100305190715 000000 000000 000000 050815                                    
97  100311030715 130715 220715 290715 050815                                    
97  100312070715 200715 240715 300715 050815                                    
97  100313110715 200715 240715 300715 050815                                    
97  100314150715 000000 000000 000000 050815                                    
97  100315190715 000000 000000 000000 050815                                    
97  100401030715 130715 220715 290715 050815                                    
97  100402070715 200715 240715 300715 050815                                    
97  100403110715 200715 240715 300715 050815                                    
97  100404150715 000000 000000 000000 050815                                    
97  100405190715 000000 000000 000000 050815                                    
97  100201010815 100815 180815 260815 020915                                    
97  100202050815 130815 200815 270815 020915                                    
97  100203090815 170815 210815 270815 020915                                    
97  100204130815 190815 000000 260815 020915                                    
97  100205170815 000000 000000 000000 020915                                    
97  100206210815 000000 000000 000000 020915                                    
97  100207250815 000000 000000 000000 020915                                    
97  100211010815 100815 180815 260815 020915                                    
97  100212050815 130815 200815 270815 020915                                    
97  100213090815 170815 210815 270815 020915                                    
97  100214130815 000000 190815 260815 020915                                    
97  100215170815 000000 000000 000000 020915                                    
97  100216210815 000000 000000 000000 020915                                    
97  100217250815 000000 000000 000000 020915                                    
97  100301030815 120815 200815 270815 030915                                    
97  100302070815 170815 240815 280815 030915                                    
97  100303110815 180815 240815 280815 030915                                    
97  100304150815 000000 000000 000000 030915                                    
97  100305190815 000000 000000 000000 030915                                    
97  100311030815 120815 200815 270815 030915                                    
97  100312070815 170815 240815 280815 030915                                    
97  100313110815 180815 240815 280815 030915                                    
97  100314150815 000000 000000 000000 030915                                    
97  100315190815 000000 000000 000000 030915                                    
97  100401030815 120815 200815 270815 030915                                    
97  100402070815 170815 240815 280815 030915                                    
97  100403110815 180815 240815 280815 030915                                    
97  100404150815 000000 000000 000000 030915                                    
97  100405190815 000000 000000 000000 030915                                    
97  100201010915 100915 170915 240915 011015                                    
97  100202050915 140915 210915 250915 011015                                    
97  100203090915 160915 000000 240915 011015                                    
97  100204130915 210915 000000 250915 011015                                    
97  100205170915 000000 000000 000000 011015                                    
97  100206210915 000000 000000 000000 011015                                    
97  100207250915 000000 000000 000000 011015                                    
97  100211010915 100915 170915 240915 011015                                    
97  100212050915 140915 210915 250915 011015                                    
97  100213090915 000000 160915 240915 011015                                    
97  100214130915 000000 210915 250915 011015                                    
97  100215170915 000000 000000 000000 011015                                    
97  100216210915 000000 000000 000000 011015                                    
97  100217250915 000000 000000 000000 011015                                    
97  100301030915 140915 210915 280915 051015                                    
97  100302070915 160915 230915 290915 051015                                    
97  100303110915 210915 000000 280915 051015                                    
97  100304150915 000000 000000 000000 051015                                    
97  100305190915 000000 000000 000000 051015                                    
97  100311030915 140915 210915 280915 051015                                    
97  100312070915 160915 230915 290915 051015                                    
97  100313110915 000000 210915 280915 051015                                    
97  100314150915 000000 000000 000000 051015                                    
97  100315190915 000000 000000 000000 051015                                    
97  100401030915 140915 210915 280915 051015                                    
97  100402070915 160915 230915 290915 051015                                    
97  100403110915 210915 000000 280915 051015                                    
97  100404150915 000000 000000 000000 051015                                    
9787100405190915 000000 000000 000000 051015                                    

