97 731 467156610467156650467157610467158610467159610467160610                   
97 741 467156610467156650467157610467158610467159610467160610                   
97 750 467156610467156650467157610467158610467159610467160610                   
97 776 467124770467124772467113770467156770467156772                            
97 781 467124780467156780                                                       
97 786 467156610467156650467157610467158610467159610467160610                   
97 789 467156610467156650467157610467158610467159610467160610                   
97 800 467143610467133610467138610467124610467113610477112630477132630          
97 800 477124620467115610477141630467112610467141610467128610467125610          
97 800 467126610467127610477124630467135610467124650467122610467117610          
97 800 477156620467156610477156630467156650467157610467158610467159610          
97F800 467132610467126610467160610                                              
