990011011000111001                                                              
99001201100000000                                                               
99001301100000000                                                               
99008100100000000                                                               
99006100100000000                                                               
99007100100000000                                                               
99018100100000000                                                               
99026100100000000                                                               
99028100100000000                                                               
99029101000000000                                                               
99029201000000000                                                               
99031101100000000                                                               
99033101100000000                                                               
99CETLM                                                                         
99999999999999999                                                               
