991003                                                                          
991004                                                                          
991012                                                                          
991013                                                                          
999013                                                                          
990015                                                                          
991015                                                                          
990140                                                                          
991140                                                                          
995140                                                                          
996140                                                                          
997140                                                                          
999140                                                                          
990150                                                                          
991150                                                                          
990160                                                                          
993160                                                                          
997160                                                                          
999160                                                                          
999999                                                                          
