97  100201010314 100314 180314 260314 020414                                    
97  100202050314 130314 200314 270314 020414                                    
97  100203090314 170314 210314 270314 020414                                    
97  100204130314 190314 000000 260314 020414                                    
97  100205170314 000000 000000 000000 020414                                    
97  100206210314 000000 000000 000000 020414                                    
97  100207250314 000000 000000 000000 020414                                    
97  100211010314 100314 180314 260314 020414                                    
97  100212050314 130314 200314 270314 020414                                    
97  100213090314 170314 210314 270314 020414                                    
97  100214130314 000000 190314 260314 020414                                    
97  100215170314 000000 000000 000000 020414                                    
97  100216210314 000000 000000 000000 020414                                    
97  100217250314 000000 000000 000000 020414                                    
97  100301030314 120314 200314 270314 030414                                    
97  100302070314 170314 240314 280314 030414                                    
97  100303110314 180314 240314 280314 030414                                    
97  100304150314 000000 000000 000000 030414                                    
97  100305190314 000000 000000 000000 030414                                    
97  100311030314 120314 200314 270314 030414                                    
97  100312070314 170314 240314 280314 030414                                    
97  100313110314 180314 240314 280314 030414                                    
97  100314150314 000000 000000 000000 030414                                    
97  100315190314 000000 000000 000000 030414                                    
97  100401030314 120314 200314 270314 030414                                    
97  100402070314 170314 240314 280314 030414                                    
97  100403110314 180314 240314 280314 030414                                    
97  100404150314 000000 000000 000000 030414                                    
97  100405190314 000000 000000 000000 030414                                    
97  100201010414 100414 170414 250414 050514                                    
97  100202050414 140414 220414 280414 050514                                    
97  100203090414 160414 000000 250414 050514                                    
97  100204130414 220414 000000 280414 050514                                    
97  100205170414 000000 000000 000000 050514                                    
97  100206210414 000000 000000 000000 050514                                    
97  100207250414 000000 000000 000000 050514                                    
97  100211010414 100414 170414 250414 050514                                    
97  100212050414 140414 220414 280414 050514                                    
97  100213090414 000000 160414 250414 050514                                    
97  100214130414 000000 220414 280414 050514                                    
97  100215170414 000000 000000 000000 050514                                    
97  100216210414 000000 000000 000000 050514                                    
97  100217250414 000000 000000 000000 050514                                    
97  100301030414 140414 220414 290414 060514                                    
97  100302070414 160414 230414 290414 060514                                    
97  100303110414 220414 000000 290414 060514                                    
97  100304150414 000000 000000 000000 060514                                    
97  100305190414 000000 000000 000000 060514                                    
97  100311030414 140414 220414 290414 060514                                    
97  100312070414 160414 230414 290414 060514                                    
97  100313110414 000000 220414 290414 060514                                    
97  100314150414 000000 000000 000000 060514                                    
97  100315190414 000000 000000 000000 060514                                    
97  100401030414 140414 220414 290414 060514                                    
97  100402070414 160414 230414 290414 060514                                    
97  100403110414 220414 000000 290414 060514                                    
97  100404150414 000000 000000 000000 060514                                    
97  100405190414 000000 000000 000000 060514                                    
97  100201010514 120514 190514 260514 030614                                    
97  100202050514 140514 210514 270514 030614                                    
97  100203090514 190514 000000 260514 030614                                    
97  100204130514 190514 000000 260514 030614                                    
97  100205170514 000000 000000 000000 030614                                    
97  100206210514 000000 000000 000000 030614                                    
97  100207250514 000000 000000 000000 030614                                    
97  100211010514 120514 190514 260514 030614                                    
97  100212050514 140514 210514 270514 030614                                    
97  100213090514 000000 190514 260514 030614                                    
97  100214130514 000000 190514 260514 030614                                    
97  100215170514 000000 000000 000000 030614                                    
97  100216210514 000000 000000 000000 030614                                    
97  100217250514 000000 000000 000000 030614                                    
97  100301030514 130514 200514 270514 040614                                    
97  100302070514 190514 000000 270514 040614                                    
97  100303110514 190514 000000 270514 040614                                    
97  100304150514 000000 000000 000000 040614                                    
97  100305190514 000000 000000 000000 040614                                    
97  100311030514 130514 200514 270514 040614                                    
97  100312070514 000000 190514 270514 040614                                    
97  100313110514 000000 190514 270514 040614                                    
97  100314150514 000000 000000 000000 040614                                    
97  100315190514 000000 000000 000000 040614                                    
97  100401030514 130514 200514 270514 040614                                    
97  100402070514 190514 000000 270514 040614                                    
97  100403110514 190514 000000 270514 040614                                    
97  100404150514 000000 000000 000000 040614                                    
9787100405190514 000000 000000 000000 040614                                    

