97  100201010511 100511 180511 260511 030611                                    
97  100202050511 160511 230511 270511 030611                                    
97  100203090511 160511 230511 270511 030611                                    
97  100204130511 190511 000000 260511 030611                                    
97  100205170511 000000 000000 000000 030611                                    
97  100206210511 000000 000000 000000 030611                                    
97  100207250511 000000 000000 000000 030611                                    
97  100211010511 100511 180511 260511 030611                                    
97  100212050511 160511 230511 270511 030611                                    
97  100213090511 160511 230511 270511 030611                                    
97  100214130511 000000 190511 260511 030611                                    
97  100215170511 000000 000000 000000 030611                                    
97  100216210511 000000 000000 000000 030611                                    
97  100217250511 000000 000000 000000 030611                                    
97  100301030511 120511 200511 270511 060611                                    
97  100302070511 160511 230511 300511 060611                                    
97  100303110511 180511 240511 300511 060611                                    
97  100304150511 000000 000000 000000 060611                                    
97  100305190511 000000 000000 000000 060611                                    
97  100311030511 120511 200511 270511 060611                                    
97  100312070511 160511 230511 300511 060611                                    
97  100313110511 180511 240511 300511 060611                                    
97  100314150511 000000 000000 000000 060611                                    
97  100315190511 000000 000000 000000 060611                                    
97  100401030511 120511 200511 270511 060611                                    
97  100402070511 160511 230511 300511 060611                                    
97  100403110511 180511 240511 300511 060611                                    
97  100404150511 000000 000000 000000 060611                                    
97  100405190511 000000 000000 000000 060611                                    
97  100201010611 140611 210611 270611 010711                                    
97  100202050611 140611 210611 270611 010711                                    
97  100203090611 200611 000000 270611 010711                                    
97  100204130611 200611 000000 270611 010711                                    
97  100205170611 000000 000000 000000 010711                                    
97  100206210611 000000 000000 000000 010711                                    
97  100207250611 000000 000000 000000 010711                                    
97  100211010611 140611 210611 270611 010711                                    
97  100212050611 140611 210611 270611 010711                                    
97  100213090611 000000 200611 270611 010711                                    
97  100214130611 000000 200611 270611 010711                                    
97  100215170611 000000 000000 000000 010711                                    
97  100216210611 000000 000000 000000 010711                                    
97  100217250611 000000 000000 000000 010711                                    
97  100301030611 140611 210611 280611 050711                                    
97  100302070611 200611 000000 280611 050711                                    
97  100303110611 200611 000000 280611 050711                                    
97  100304150611 000000 000000 000000 050711                                    
97  100305190611 000000 000000 000000 050711                                    
97  100311030611 140611 210611 280611 050711                                    
97  100312070611 000000 200611 280611 050711                                    
97  100313110611 000000 200611 280611 050711                                    
97  100314150611 000000 000000 000000 050711                                    
97  100315190611 000000 000000 000000 050711                                    
97  100401030611 140611 210611 280611 050711                                    
97  100402070611 200611 000000 280611 050711                                    
97  100403110611 200611 000000 280611 050711                                    
97  100404150611 000000 000000 000000 050711                                    
97  100405190611 000000 000000 000000 050711                                    
97  100201010711 110711 190711 260711 020811                                    
97  100202050711 130711 210711 270711 020811                                    
97  100203090711 180711 000000 260711 020811                                    
97  100204130711 200711 000000 270711 020811                                    
97  100205170711 000000 000000 000000 020811                                    
97  100206210711 000000 000000 000000 020811                                    
97  100207250711 000000 000000 000000 020811                                    
97  100211010711 110711 190711 260711 020811                                    
97  100212050711 130711 210711 270711 020811                                    
97  100213090711 000000 180711 260711 020811                                    
97  100214130711 000000 200711 270711 020811                                    
97  100215170711 000000 000000 000000 020811                                    
97  100216210711 000000 000000 000000 020811                                    
97  100217250711 000000 000000 000000 020811                                    
97  100301030711 120711 200711 270711 030811                                    
97  100302070711 180711 220711 280711 030811                                    
97  100303110711 190711 000000 270711 030811                                    
97  100304150711 000000 000000 000000 030811                                    
97  100305190711 000000 000000 000000 030811                                    
97  100311030711 120711 200711 270711 030811                                    
97  100312070711 180711 220711 280711 030811                                    
97  100313110711 000000 190711 270711 030811                                    
97  100314150711 000000 000000 000000 030811                                    
97  100315190711 000000 000000 000000 030811                                    
97  100401030711 120711 200711 270711 030811                                    
97  100402070711 180711 220711 280711 030811                                    
97  100403110711 190711 000000 270711 030811                                    
97  100404150711 000000 000000 000000 030811                                    
9787100405190711 000000 000000 000000 030811                                    

