97  100201010914 100914 170914 240914 011014                                    
97  100202050914 150914 190914 250914 011014                                    
97  100203090914 160914 000000 240914 011014                                    
97  100204130914 220914 000000 260914 011014                                    
97  100205170914 000000 000000 000000 011014                                    
97  100206210914 000000 000000 000000 011014                                    
97  100207250914 000000 000000 000000 011014                                    
97  100211010914 100914 170914 240914 011014                                    
97  100212050914 150914 190914 250914 011014                                    
97  100213090914 000000 160914 240914 011014                                    
97  100214130914 000000 220914 260914 011014                                    
97  100215170914 000000 000000 000000 011014                                    
97  100216210914 000000 000000 000000 011014                                    
97  100217250914 000000 000000 000000 011014                                    
97  100301030914 150914 220914 290914 031014                                    
97  100302070914 160914 230914 290914 031014                                    
97  100303110914 180914 000000 260914 031014                                    
97  100304150914 000000 000000 000000 031014                                    
97  100305190914 000000 000000 000000 031014                                    
97  100311030914 150914 220914 290914 031014                                    
97  100312070914 160914 230914 290914 031014                                    
97  100313110914 000000 180914 260914 031014                                    
97  100314150914 000000 000000 000000 031014                                    
97  100315190914 000000 000000 000000 031014                                    
97  100401030914 150914 220914 290914 031014                                    
97  100402070914 160914 230914 290914 031014                                    
97  100403110914 180914 000000 260914 031014                                    
97  100404150914 000000 000000 000000 031014                                    
97  100405190914 000000 000000 000000 031014                                    
97  100201011014 131014 211014 281014 041114                                    
97  100202051014 131014 211014 281014 041114                                    
97  100203091014 161014 231014 291014 041114                                    
97  100204131014 201014 000000 281014 041114                                    
97  100205171014 000000 000000 000000 041114                                    
97  100206211014 000000 000000 000000 041114                                    
97  100207251014 000000 000000 000000 041114                                    
97  100211011014 131014 211014 281014 041114                                    
97  100212051014 131014 211014 281014 041114                                    
97  100213091014 161014 231014 291014 041114                                    
97  100214131014 000000 201014 281014 041114                                    
97  100215171014 000000 000000 000000 041114                                    
97  100216211014 000000 000000 000000 041114                                    
97  100217251014 000000 000000 000000 041114                                    
97  100301031014 131014 211014 291014 051114                                    
97  100302071014 161014 231014 301014 051114                                    
97  100303111014 201014 241014 301014 051114                                    
97  100304151014 000000 000000 000000 051114                                    
97  100305191014 000000 000000 000000 051114                                    
97  100311031014 131014 211014 291014 051114                                    
97  100312071014 161014 231014 301014 051114                                    
97  100313111014 201014 241014 301014 051114                                    
97  100314151014 000000 000000 000000 051114                                    
97  100315191014 000000 000000 000000 051114                                    
97  100401031014 131014 211014 291014 051114                                    
97  100402071014 161014 231014 301014 051114                                    
97  100403111014 201014 241014 301014 051114                                    
97  100404151014 000000 000000 000000 051114                                    
97  100405191014 000000 000000 000000 051114                                    
97  100201011114 101114 181114 251114 011214                                    
97  100202051114 171114 000000 241114 011214                                    
97  100203091114 171114 000000 241114 011214                                    
97  100204131114 191114 000000 251114 011214                                    
97  100205171114 000000 000000 000000 011214                                    
97  100206211114 000000 000000 000000 011214                                    
97  100207251114 000000 000000 000000 011214                                    
97  100211011114 101114 181114 251114 011214                                    
97  100212051114 000000 171114 241114 011214                                    
97  100213091114 000000 171114 241114 011214                                    
97  100214131114 000000 191114 251114 011214                                    
97  100215171114 000000 000000 000000 011214                                    
97  100216211114 000000 000000 000000 011214                                    
97  100217251114 000000 000000 000000 011214                                    
97  100301031114 131114 201114 271114 031214                                    
97  100302071114 171114 211114 271114 031214                                    
97  100303111114 181114 000000 261114 031214                                    
97  100304151114 000000 000000 000000 031214                                    
97  100305191114 000000 000000 000000 031214                                    
97  100311031114 131114 201114 271114 031214                                    
97  100312071114 171114 211114 271114 031214                                    
97  100313111114 000000 181114 261114 031214                                    
97  100314151114 000000 000000 000000 031214                                    
97  100315191114 000000 000000 000000 031214                                    
97  100401031114 131114 201114 271114 031214                                    
97  100402071114 171114 211114 271114 031214                                    
97  100403111114 181114 000000 261114 031214                                    
97  100404151114 000000 000000 000000 031214                                    
9787100405191114 000000 000000 000000 031214                                    

